0
1
2
3
4
5
6
7
8
9
10
11
12
13
14
15
16
17
18
19
20
21
22
23
24
25
26
27
28
29
30
31
32
33
34
35
36
37
38
39
40
41
42
43
44
45
46
47
48
49
50
51
52
53
0
54
1
3
55
4
6
56
7
9
57
10
12
58
13
15
59
16
18
60
19
21
61
22
24
62
25
27
63
28
30
64
31
33
65
34
36
66
37
39
67
40
44
68
69
69
70
44
70
71
44
71
72
42
72
73
42
73
74
42
42
75
43
75
76
43
76
77
43
43
78
79
79
80
43
80
44
43
44
71
42
45
81
46
48
82
49
53
83
84
84
85
53
85
86
53
86
87
88
88
89
86
89
51
86
51
90
91
91
92
51
92
52
51
52
93
94
94
95
52
95
53
52
53
86
51
