0.000000 -1.000000 -1.000000 0.195089 0.000000 -0.980785 1.000000 0.500000
0.000000 1.000000 -1.000000 0.195089 0.000000 -0.980785 1.000000 1.000000
0.382683 1.000000 -0.923880 0.195089 0.000000 -0.980785 0.937500 1.000000
0.382683 -1.000000 -0.923880 0.195089 0.000000 -0.980785 0.937500 0.500000
0.382683 -1.000000 -0.923880 0.555570 0.000000 -0.831470 0.937500 0.500000
0.382683 1.000000 -0.923880 0.555570 0.000000 -0.831470 0.937500 1.000000
0.707107 1.000000 -0.707107 0.555570 0.000000 -0.831470 0.875000 1.000000
0.707107 -1.000000 -0.707107 0.555570 0.000000 -0.831470 0.875000 0.500000
0.707107 -1.000000 -0.707107 0.831470 0.000000 -0.555570 0.875000 0.500000
0.707107 1.000000 -0.707107 0.831470 0.000000 -0.555570 0.875000 1.000000
0.923880 1.000000 -0.382683 0.831470 0.000000 -0.555570 0.812500 1.000000
0.923880 -1.000000 -0.382683 0.831470 0.000000 -0.555570 0.812500 0.500000
0.923880 -1.000000 -0.382683 0.980785 0.000000 -0.195089 0.812500 0.500000
0.923880 1.000000 -0.382683 0.980785 0.000000 -0.195089 0.812500 1.000000
1.000000 1.000000 0.000000 0.980785 0.000000 -0.195089 0.750000 1.000000
1.000000 -1.000000 0.000000 0.980785 0.000000 -0.195089 0.750000 0.500000
1.000000 -1.000000 0.000000 0.980785 -0.000000 0.195089 0.750000 0.500000
1.000000 1.000000 0.000000 0.980785 -0.000000 0.195089 0.750000 1.000000
0.923880 1.000000 0.382683 0.980785 -0.000000 0.195089 0.687500 1.000000
0.923880 -1.000000 0.382683 0.980785 -0.000000 0.195089 0.687500 0.500000
0.923880 -1.000000 0.382683 0.831470 -0.000000 0.555570 0.687500 0.500000
0.923880 1.000000 0.382683 0.831470 -0.000000 0.555570 0.687500 1.000000
0.707107 1.000000 0.707107 0.831470 -0.000000 0.555570 0.625000 1.000000
0.707107 -1.000000 0.707107 0.831470 -0.000000 0.555570 0.625000 0.500000
0.707107 -1.000000 0.707107 0.555570 -0.000000 0.831470 0.625000 0.500000
0.707107 1.000000 0.707107 0.555570 -0.000000 0.831470 0.625000 1.000000
0.382683 1.000000 0.923880 0.555570 -0.000000 0.831470 0.562500 1.000000
0.382683 -1.000000 0.923880 0.555570 -0.000000 0.831470 0.562500 0.500000
0.382683 -1.000000 0.923880 0.195089 -0.000000 0.980785 0.562500 0.500000
0.382683 1.000000 0.923880 0.195089 -0.000000 0.980785 0.562500 1.000000
0.000000 1.000000 1.000000 0.195089 -0.000000 0.980785 0.500000 1.000000
0.000000 -1.000000 1.000000 0.195089 -0.000000 0.980785 0.500000 0.500000
0.000000 -1.000000 1.000000 -0.195089 0.000000 0.980785 0.500000 0.500000
0.000000 1.000000 1.000000 -0.195089 0.000000 0.980785 0.500000 1.000000
-0.382683 1.000000 0.923880 -0.195089 0.000000 0.980785 0.437500 1.000000
-0.382683 -1.000000 0.923880 -0.195089 0.000000 0.980785 0.437500 0.500000
-0.382683 -1.000000 0.923880 -0.555570 0.000000 0.831470 0.437500 0.500000
-0.382683 1.000000 0.923880 -0.555570 0.000000 0.831470 0.437500 1.000000
-0.707107 1.000000 0.707107 -0.555570 0.000000 0.831470 0.375000 1.000000
-0.707107 -1.000000 0.707107 -0.555570 0.000000 0.831470 0.375000 0.500000
-0.707107 -1.000000 0.707107 -0.831470 0.000000 0.555570 0.375000 0.500000
-0.707107 1.000000 0.707107 -0.831470 0.000000 0.555570 0.375000 1.000000
-0.923880 1.000000 0.382683 -0.831470 0.000000 0.555570 0.312500 1.000000
-0.923880 -1.000000 0.382683 -0.831470 0.000000 0.555570 0.312500 0.500000
-0.923880 -1.000000 0.382683 -0.980785 0.000000 0.195089 0.312500 0.500000
-0.923880 1.000000 0.382683 -0.980785 0.000000 0.195089 0.312500 1.000000
-1.000000 1.000000 0.000000 -0.980785 0.000000 0.195089 0.250000 1.000000
-1.000000 -1.000000 0.000000 -0.980785 0.000000 0.195089 0.250000 0.500000
-1.000000 -1.000000 0.000000 -0.980785 0.000000 -0.195089 0.250000 0.500000
-1.000000 1.000000 0.000000 -0.980785 0.000000 -0.195089 0.250000 1.000000
-0.923880 1.000000 -0.382683 -0.980785 0.000000 -0.195089 0.187500 1.000000
-0.923880 -1.000000 -0.382683 -0.980785 0.000000 -0.195089 0.187500 0.500000
-0.923880 -1.000000 -0.382683 -0.831470 0.000000 -0.555570 0.187500 0.500000
-0.923880 1.000000 -0.382683 -0.831470 0.000000 -0.555570 0.187500 1.000000
-0.707107 1.000000 -0.707107 -0.831470 0.000000 -0.555570 0.125000 1.000000
-0.707107 -1.000000 -0.707107 -0.831470 0.000000 -0.555570 0.125000 0.500000
0.382683 1.000000 -0.923880 0.000000 1.000000 0.000000 0.341844 0.471731
0.000000 1.000000 -1.000000 0.000000 1.000000 0.000000 0.250000 0.490000
-0.382683 1.000000 -0.923880 0.000000 1.000000 0.000000 0.158156 0.471731
-0.707107 1.000000 -0.707107 0.000000 1.000000 0.000000 0.080294 0.419706
-0.923880 1.000000 -0.382683 0.000000 1.000000 0.000000 0.028269 0.341844
-1.000000 1.000000 0.000000 0.000000 1.000000 0.000000 0.010000 0.250000
-0.923880 1.000000 0.382683 0.000000 1.000000 0.000000 0.028269 0.158156
-0.707107 1.000000 0.707107 0.000000 1.000000 0.000000 0.080294 0.080294
-0.382683 1.000000 0.923880 0.000000 1.000000 0.000000 0.158156 0.028269
0.000000 1.000000 1.000000 0.000000 1.000000 0.000000 0.250000 0.010000
0.382683 1.000000 0.923880 0.000000 1.000000 0.000000 0.341844 0.028269
0.707107 1.000000 0.707107 0.000000 1.000000 0.000000 0.419706 0.080294
0.923880 1.000000 0.382683 0.000000 1.000000 0.000000 0.471731 0.158156
1.000000 1.000000 0.000000 0.000000 1.000000 0.000000 0.490000 0.250000
0.923880 1.000000 -0.382683 0.000000 1.000000 0.000000 0.471731 0.341844
0.707107 1.000000 -0.707107 0.000000 1.000000 0.000000 0.419706 0.419706
-0.707107 -1.000000 -0.707107 -0.555570 0.000000 -0.831470 0.125000 0.500000
-0.707107 1.000000 -0.707107 -0.555570 0.000000 -0.831470 0.125000 1.000000
-0.382683 1.000000 -0.923880 -0.555570 0.000000 -0.831470 0.062500 1.000000
-0.382683 -1.000000 -0.923880 -0.555570 0.000000 -0.831470 0.062500 0.500000
-0.382683 -1.000000 -0.923880 -0.195089 0.000000 -0.980785 0.062500 0.500000
-0.382683 1.000000 -0.923880 -0.195089 0.000000 -0.980785 0.062500 1.000000
0.000000 1.000000 -1.000000 -0.195089 0.000000 -0.980785 0.000000 1.000000
0.000000 -1.000000 -1.000000 -0.195089 0.000000 -0.980785 0.000000 0.500000
0.000000 -1.000000 -1.000000 0.000000 -1.000000 0.000000 0.750000 0.490000
0.382683 -1.000000 -0.923880 0.000000 -1.000000 0.000000 0.841844 0.471731
0.707107 -1.000000 -0.707107 0.000000 -1.000000 0.000000 0.919706 0.419706
0.923880 -1.000000 -0.382683 0.000000 -1.000000 0.000000 0.971731 0.341844
1.000000 -1.000000 0.000000 0.000000 -1.000000 0.000000 0.990000 0.250000
0.923880 -1.000000 0.382683 0.000000 -1.000000 0.000000 0.971731 0.158156
0.707107 -1.000000 0.707107 0.000000 -1.000000 0.000000 0.919706 0.080294
0.382683 -1.000000 0.923880 0.000000 -1.000000 0.000000 0.841844 0.028269
0.000000 -1.000000 1.000000 0.000000 -1.000000 0.000000 0.750000 0.010000
-0.382683 -1.000000 0.923880 0.000000 -1.000000 0.000000 0.658156 0.028269
-0.707107 -1.000000 0.707107 0.000000 -1.000000 0.000000 0.580294 0.080294
-0.923880 -1.000000 0.382683 0.000000 -1.000000 0.000000 0.528269 0.158156
-1.000000 -1.000000 0.000000 0.000000 -1.000000 0.000000 0.510000 0.250000
-0.923880 -1.000000 -0.382683 0.000000 -1.000000 0.000000 0.528269 0.341844
-0.707107 -1.000000 -0.707107 0.000000 -1.000000 0.000000 0.580294 0.419706
-0.382683 -1.000000 -0.923880 0.000000 -1.000000 0.000000 0.658156 0.471731
