0
1
2
3
4
5
6
1
7
8
5
9
10
7
11
12
13
14
8
15
16
10
17
18
12
19
20
16
21
22
18
23
24
20
25
26
22
27
28
24
29
30
31
25
32
28
33
34
30
35
36
37
32
38
39
34
33
36
40
41
37
42
43
41
44
45
43
46
47
45
48
49
50
46
51
49
52
53
54
51
55
53
56
57
58
55
59
57
60
61
0
59
62
61
4
63
40
64
44
42
65
46
48
64
66
46
67
51
48
68
52
55
67
69
52
70
56
59
69
71
56
72
60
59
73
62
4
72
74
62
75
1
5
74
76
7
75
77
9
76
78
7
79
11
14
80
81
15
78
82
11
83
17
19
81
84
21
82
85
23
83
86
25
84
87
27
85
88
23
89
29
25
90
32
27
91
33
35
89
92
32
93
38
94
33
91
40
92
95
38
96
42
68
97
98
67
99
69
68
100
70
71
99
101
72
100
102
71
103
73
74
102
104
73
105
75
74
106
76
77
105
107
76
108
78
77
109
79
81
110
111
78
112
82
83
109
113
81
114
84
85
112
115
86
113
116
84
117
87
85
118
88
89
116
119
90
117
120
91
118
121
89
122
92
90
123
93
124
91
121
92
125
95
96
123
126
95
127
64
65
126
128
66
127
97
65
129
67
102
130
131
101
132
103
102
133
104
103
134
105
104
135
106
107
134
136
106
137
108
109
136
138
111
139
140
108
141
112
109
142
113
111
143
114
115
141
144
116
142
145
114
146
117
115
147
118
116
148
119
117
149
120
121
147
150
122
148
151
120
152
123
153
121
150
122
154
125
123
155
126
125
156
127
128
155
157
97
156
158
128
159
129
98
158
160
129
161
99
98
130
100
101
161
162
133
163
135
134
164
136
135
165
137
138
164
166
140
167
168
141
165
169
138
170
142
140
171
143
141
172
144
145
170
173
146
171
174
144
175
147
145
176
148
149
174
177
150
175
178
151
176
179
149
180
152
181
150
178
151
182
154
152
183
155
154
184
156
157
183
185
156
186
158
157
187
159
158
188
160
159
189
161
160
190
130
162
189
191
131
190
192
132
191
193
133
192
194
132
195
134
169
196
197
166
198
170
168
199
171
169
200
172
173
198
201
174
199
202
172
203
175
173
204
176
174
205
177
178
203
206
179
204
207
177
208
180
209
178
206
179
210
182
180
211
183
184
210
212
185
211
213
184
214
186
187
213
215
186
216
188
187
217
189
188
218
190
191
217
219
192
218
220
193
219
221
192
222
194
195
221
223
194
224
163
195
225
164
163
196
165
164
226
166
168
227
228
200
229
203
201
230
204
205
231
232
203
233
206
207
230
234
205
235
208
236
206
233
207
237
210
208
238
211
212
237
239
213
238
240
212
241
214
215
240
242
214
243
216
215
244
217
216
245
218
219
244
246
220
245
247
221
246
248
220
249
222
221
250
223
222
251
224
223
252
225
196
251
253
226
252
254
228
255
256
196
257
197
226
258
198
199
256
259
197
260
200
201
258
261
199
231
202
262
233
263
234
264
237
235
265
238
239
264
266
238
267
240
239
268
241
242
267
269
241
270
243
242
271
244
245
270
272
244
273
246
247
272
274
248
273
275
247
276
249
250
275
277
249
278
251
250
279
252
253
278
280
254
279
281
256
282
283
253
284
257
254
285
258
256
286
259
257
287
260
261
285
288
259
289
231
260
290
229
261
291
230
232
289
292
229
263
233
234
291
293
235
292
294
266
295
268
269
296
297
268
298
270
269
299
271
270
300
272
271
301
273
274
300
302
275
301
303
274
304
276
277
303
305
276
306
278
277
307
279
280
306
308
281
307
309
283
310
311
280
312
284
281
313
285
283
314
286
284
315
287
288
313
316
286
317
289
287
318
290
288
319
291
289
320
292
290
321
263
291
322
293
294
320
323
324
263
321
293
325
264
294
326
265
266
325
327
267
326
296
300
328
329
299
330
301
302
329
331
303
330
332
302
333
304
303
334
305
306
333
335
305
336
307
308
335
337
309
336
338
311
339
340
308
341
312
309
342
313
314
340
343
312
344
315
316
342
345
317
343
346
315
347
318
316
348
319
317
349
320
318
350
321
319
351
322
323
349
352
353
321
350
322
354
325
323
355
326
327
354
356
326
357
296
327
358
295
297
357
359
295
328
298
297
360
299
331
361
333
334
362
363
333
364
335
334
365
336
337
364
366
338
365
367
340
368
369
337
370
341
342
367
371
340
372
343
344
370
373
342
374
345
343
375
346
347
373
376
345
377
348
346
378
349
350
376
379
348
380
351
352
378
381
382
350
379
351
383
354
352
384
355
356
383
385
357
384
386
356
387
358
359
386
388
358
389
328
359
390
360
328
391
329
360
392
330
331
391
393
332
392
362
366
394
395
367
396
397
369
398
399
366
400
370
371
397
401
369
402
372
370
403
373
371
404
374
372
405
375
373
406
376
377
404
407
378
405
408
379
406
409
377
410
380
378
411
381
412
379
409
380
413
383
381
414
384
385
413
415
384
416
386
385
417
387
388
416
418
387
419
389
388
420
390
391
419
421
390
422
392
393
421
423
362
422
424
393
425
361
363
424
426
361
394
364
363
396
365
399
427
402
400
428
403
401
429
404
405
427
430
403
431
406
407
429
432
408
430
433
406
434
409
407
435
410
411
433
436
437
409
434
410
438
413
411
439
414
415
438
440
414
441
416
415
442
417
418
441
443
417
444
419
418
445
420
419
446
421
420
447
422
423
446
448
424
447
449
423
450
425
424
451
426
425
452
394
426
453
396
395
452
454
397
453
455
399
456
457
395
458
400
401
455
459
430
460
433
431
461
434
432
462
435
433
463
436
464
434
461
435
465
438
436
466
439
440
465
467
439
468
441
440
469
442
443
468
470
442
471
444
443
472
445
446
471
473
445
474
447
448
473
475
449
474
476
448
477
450
451
476
478
450
479
452
451
480
453
454
479
481
455
480
482
457
483
484
458
481
485
459
482
486
457
487
427
458
488
428
459
489
429
427
490
430
428
491
431
432
489
492
463
493
466
467
494
495
468
493
496
467
497
469
470
496
498
469
499
471
470
500
472
471
501
473
472
502
474
475
501
503
476
502
504
475
505
477
476
506
478
477
507
479
478
508
480
481
507
509
482
508
510
484
511
512
485
509
513
486
510
514
484
515
487
485
516
488
486
517
489
487
518
490
488
519
491
492
517
520
460
518
521
461
519
522
492
523
462
460
524
463
525
461
522
462
494
465
498
526
527
497
528
499
498
529
500
501
528
530
500
531
502
503
530
532
504
531
533
503
534
505
504
535
506
505
536
507
506
537
508
509
536
538
510
537
539
512
540
541
509
542
513
514
539
543
512
544
515
516
542
545
514
546
517
518
544
547
519
545
548
520
546
549
518
550
521
519
551
522
520
552
523
521
553
524
554
522
551
523
555
494
524
556
493
495
555
557
493
526
496
495
558
497
529
559
531
532
560
561
533
559
562
532
563
534
535
562
564
536
563
565
535
566
537
538
565
567
539
566
568
541
569
570
538
571
542
543
568
572
541
573
544
542
574
545
543
575
546
547
573
576
545
577
548
549
575
578
547
579
550
548
580
551
549
581
552
550
582
553
583
551
580
552
584
555
553
585
556
557
584
586
556
587
526
557
588
558
527
587
589
558
590
528
527
591
529
530
590
560
562
592
564
565
593
594
564
595
566
567
594
596
568
595
597
570
598
599
567
600
571
572
597
601
570
602
573
571
603
574
572
604
575
576
602
605
574
606
577
578
604
607
576
608
579
577
609
580
578
610
581
579
611
582
612
580
609
581
613
584
582
614
585
586
613
615
585
616
587
586
617
588
589
616
618
588
619
590
589
620
591
560
619
621
591
622
559
561
621
623
562
622
624
561
593
563
597
625
626
599
627
628
600
629
630
601
626
631
599
632
602
600
633
603
601
634
604
602
635
605
603
636
606
607
634
637
605
638
608
606
639
609
607
640
610
608
641
611
642
609
639
610
643
613
611
644
614
615
643
645
616
644
646
615
647
617
618
646
648
617
649
619
618
650
620
619
651
621
622
650
652
623
651
653
624
652
654
623
655
593
624
656
592
593
657
594
592
625
595
594
629
596
631
658
634
632
659
635
633
660
636
637
658
661
635
662
638
636
663
639
637
664
640
641
662
665
666
639
663
640
667
643
641
668
644
645
667
669
646
668
670
647
669
671
648
670
672
647
673
649
648
674
650
651
673
675
650
676
652
653
675
677
654
676
678
653
679
655
654
680
656
655
681
657
656
682
625
629
681
683
626
682
684
628
685
686
629
687
630
631
684
688
628
689
632
633
687
690
661
691
664
662
692
665
693
663
694
664
695
667
665
696
668
669
695
697
670
696
698
671
697
699
672
698
700
671
701
673
672
702
674
673
703
675
676
702
704
677
703
705
678
704
706
677
707
679
678
708
680
679
709
681
680
710
682
683
709
711
682
712
684
686
713
714
683
715
687
688
712
716
686
717
689
690
715
718
688
719
658
659
717
720
690
721
660
661
719
722
659
723
662
663
721
694
697
724
725
698
726
727
699
725
728
700
727
729
699
730
701
700
731
702
701
732
703
704
731
733
705
732
734
706
733
735
705
736
707
706
737
708
707
738
709
708
739
710
711
738
740
710
741
712
714
742
743
715
740
744
716
741
745
714
746
717
718
744
747
716
748
719
720
746
749
718
750
721
722
748
751
720
752
723
694
750
753
722
754
691
723
755
692
756
694
753
691
724
695
692
726
696
728
757
730
729
758
731
730
759
732
733
758
760
734
759
761
735
760
762
734
763
736
737
762
764
736
765
738
737
766
739
740
765
767
741
766
768
743
769
770
740
771
744
745
768
772
743
773
746
744
774
747
745
775
748
746
776
749
747
777
750
748
778
751
749
779
752
753
777
780
751
781
754
755
779
782
783
753
780
754
784
724
755
785
726
725
784
786
727
785
787
725
788
728
729
787
789
761
790
791
762
792
793
761
794
763
764
793
795
763
796
765
764
797
766
767
796
798
766
799
768
770
800
801
771
798
802
772
799
803
770
804
773
774
802
805
775
803
806
776
804
807
774
808
777
775
809
778
776
810
779
777
811
780
778
812
781
779
813
782
814
780
811
781
815
784
782
816
785
786
815
817
787
816
818
786
819
788
789
818
820
788
821
757
789
822
758
757
790
759
760
822
792
794
823
796
795
824
797
798
823
825
797
826
799
801
827
828
798
829
802
803
826
830
801
831
804
805
829
832
806
830
833
807
831
834
805
835
808
806
836
809
807
837
810
811
835
838
809
839
812
813
837
840
841
811
838
812
842
815
813
843
816
817
842
844
818
843
845
817
846
819
820
845
847
819
848
821
820
849
822
821
850
790
792
849
851
791
850
852
793
851
853
791
854
794
795
853
855
828
856
857
825
858
829
830
859
860
828
861
831
832
858
862
833
860
863
834
861
864
832
865
835
833
866
836
834
867
837
838
865
868
836
869
839
837
870
840
871
838
868
842
869
872
840
873
843
844
872
874
845
873
875
844
876
846
847
875
877
846
878
848
847
879
849
848
880
850
851
879
881
852
880
882
853
881
883
852
884
854
855
883
885
854
886
823
855
887
824
825
886
888
826
887
859
877
889
879
878
890
880
879
891
881
882
890
892
883
891
893
882
894
884
885
893
895
884
896
886
885
897
887
888
896
898
887
899
859
857
900
901
888
902
858
860
899
903
857
904
861
862
902
905
863
903
906
864
904
907
862
908
865
863
909
866
867
907
910
868
908
911
866
912
869
870
910
913
914
868
911
872
912
915
870
916
873
874
915
917
875
916
918
874
919
876
877
918
920
876
921
878
893
922
923
892
924
894
895
923
925
894
926
896
895
927
897
898
926
928
897
929
899
901
930
931
898
932
902
903
929
933
901
934
904
902
935
905
906
933
936
907
934
937
905
938
908
906
939
909
907
940
910
911
938
941
909
942
912
913
940
943
944
911
941
915
942
945
913
946
916
917
945
947
918
946
948
917
949
919
920
948
950
919
951
921
920
952
889
921
953
890
889
922
891
892
953
954
925
955
927
928
956
957
927
958
929
931
959
960
932
957
961
933
958
962
931
963
934
935
961
964
936
962
965
937
963
966
935
967
938
936
968
939
937
969
940
938
970
941
939
971
942
940
972
943
973
941
970
945
971
974
943
975
946
947
974
976
946
977
948
947
978
949
950
977
979
949
980
951
950
981
952
953
980
982
952
983
922
954
982
984
923
983
985
954
986
924
925
985
987
924
956
926
962
988
989
960
990
963
961
991
964
965
989
992
966
990
993
964
994
967
965
995
968
966
996
969
970
994
997
968
998
971
969
999
972
1000
970
997
974
998
1001
972
1002
975
976
1001
1003
975
1004
977
976
1005
978
979
1004
1006
978
1007
980
979
1008
981
982
1007
1009
981
1010
983
984
1009
1011
985
1010
1012
984
1013
986
985
1014
987
986
1015
956
987
1016
955
957
1015
1017
955
988
958
960
1018
1019
957
1020
961
992
1021
995
996
1022
1023
997
1024
1025
995
1026
998
996
1027
999
1028
997
1025
1001
1026
1029
999
1030
1002
1003
1029
1031
1004
1030
1032
1005
1031
1033
1006
1032
1034
1005
1035
1007
1006
1036
1008
1009
1035
1037
1008
1038
1010
1011
1037
1039
1012
1038
1040
1011
1041
1013
1012
1042
1014
1013
1043
1015
1014
1044
1016
1017
1043
1045
1016
1046
988
1019
1047
1048
1020
1045
1049
989
1046
1050
1019
1051
990
1020
1052
991
992
1050
1053
990
1022
993
991
1024
994
1029
1054
1055
1027
1056
1030
1031
1055
1057
1030
1058
1032
1031
1059
1033
1034
1058
1060
1033
1061
1035
1034
1062
1036
1037
1061
1063
1036
1064
1038
1039
1063
1065
1040
1064
1066
1039
1067
1041
1040
1068
1042
1041
1069
1043
1042
1070
1044
1045
1069
1071
1044
1072
1046
1048
1073
1074
1045
1075
1049
1050
1072
1076
1048
1077
1051
1052
1075
1078
1053
1076
1079
1022
1077
1080
1052
1081
1024
1053
1082
1021
1022
1083
1023
1024
1084
1025
1021
1054
1026
1027
1083
1085
1086
1025
1084
1057
1087
1059
1060
1088
1089
1059
1090
1061
1060
1091
1062
1063
1090
1092
1062
1093
1064
1065
1092
1094
1066
1093
1095
1065
1096
1067
1068
1095
1097
1067
1098
1069
1070
1097
1099
1071
1098
1100
1070
1101
1072
1074
1102
1103
1071
1104
1075
1076
1101
1105
1074
1106
1077
1078
1104
1107
1079
1105
1108
1080
1106
1109
1078
1110
1081
1079
1111
1082
1080
1112
1083
1084
1110
1113
1082
1114
1054
1083
1115
1085
1116
1084
1113
1055
1114
1117
1085
1118
1056
1055
1119
1057
1056
1088
1058
1090
1120
1092
1093
1121
1122
1094
1120
1123
1095
1122
1124
1094
1125
1096
1097
1124
1126
1096
1127
1098
1097
1128
1099
1100
1127
1129
1099
1130
1101
1103
1131
1132
1104
1129
1133
1105
1130
1134
1103
1135
1106
1104
1136
1107
1108
1134
1137
1109
1135
1138
1107
1139
1110
1108
1140
1111
1109
1141
1112
1110
1142
1113
1111
1143
1114
1112
1144
1115
1145
1113
1142
1117
1143
1146
1115
1147
1118
1119
1146
1148
1088
1147
1149
1119
1150
1087
1089
1149
1151
1087
1152
1090
1089
1121
1091
1123
1153
1125
1124
1154
1126
1125
1155
1127
1128
1154
1156
1129
1155
1157
1128
1158
1130
1132
1159
1160
1133
1157
1161
1134
1158
1162
1132
1163
1135
1136
1161
1164
1137
1162
1165
1135
1166
1138
1136
1167
1139
1137
1168
1140
1138
1169
1141
1142
1167
1170
1140
1171
1143
1141
1172
1144
1173
1142
1170
1146
1171
1174
1144
1175
1147
1146
1176
1148
1147
1177
1149
1148
1178
1150
1151
1177
1179
1150
1180
1152
1151
1181
1121
1120
1180
1182
1121
1183
1122
1123
1182
1184
1124
1183
1185
1157
1186
1187
1156
1188
1158
1160
1189
1190
1157
1191
1161
1162
1188
1192
1160
1193
1163
1161
1194
1164
1165
1192
1195
1163
1196
1166
1164
1197
1167
1165
1198
1168
1166
1199
1169
1170
1197
1200
1168
1201
1171
1172
1199
1202
1203
1170
1200
1174
1201
1204
1172
1205
1175
1174
1206
1176
1175
1207
1177
1178
1206
1208
1179
1207
1209
1178
1210
1180
1179
1211
1181
1182
1210
1212
1181
1213
1183
1184
1212
1214
1185
1213
1215
1184
1216
1153
1185
1217
1154
1155
1216
1186
1156
1217
1218
1190
1219
1193
1194
1220
1221
1195
1222
1223
1193
1224
1196
1194
1225
1197
1195
1226
1198
1196
1227
1199
1200
1225
1228
1198
1229
1201
1202
1227
1230
1231
1200
1228
1204
1229
1232
1202
1233
1205
1204
1234
1206
1207
1233
1235
1206
1236
1208
1209
1235
1237
1208
1238
1210
1209
1239
1211
1212
1238
1240
1211
1241
1213
1214
1240
1242
1215
1241
1243
1214
1244
1216
1215
1245
1217
1216
1246
1186
1218
1245
1247
1187
1246
1248
1218
1249
1188
1190
1250
1251
1187
1220
1191
1192
1249
1222
1227
1252
1253
1228
1254
1255
1226
1256
1229
1230
1253
1257
1258
1228
1255
1232
1256
1259
1230
1260
1233
1232
1261
1234
1235
1260
1262
1236
1261
1263
1237
1262
1264
1236
1265
1238
1237
1266
1239
1238
1267
1240
1241
1266
1268
1242
1267
1269
1243
1268
1270
1242
1271
1244
1243
1272
1245
1244
1273
1246
1247
1272
1274
1248
1273
1275
1247
1276
1249
1251
1277
1278
1248
1279
1220
1222
1276
1280
1251
1281
1219
1221
1279
1282
1223
1280
1283
1219
1252
1224
1221
1254
1225
1223
1284
1226
1257
1285
1260
1259
1286
1261
1260
1287
1262
1261
1288
1263
1264
1287
1289
1263
1290
1265
1264
1291
1266
1267
1290
1292
1268
1291
1293
1269
1292
1294
1270
1293
1295
1269
1296
1271
1272
1295
1297
1273
1296
1298
1274
1297
1299
1275
1298
1300
1274
1301
1276
1278
1302
1303
1275
1304
1279
1280
1301
1305
1278
1306
1281
1282
1304
1307
1283
1305
1308
1252
1306
1309
1254
1307
1310
1283
1311
1284
1252
1312
1253
1254
1313
1255
1284
1314
1256
1253
1315
1257
1316
1255
1313
1259
1314
1317
1289
1318
1319
1288
1320
1290
1289
1321
1291
1292
1320
1322
1291
1323
1293
1294
1322
1324
1295
1323
1325
1294
1326
1296
1297
1325
1327
1296
1328
1298
1299
1327
1329
1300
1328
1330
1299
1331
1301
1303
1332
1333
1300
1334
1304
1305
1331
1335
1303
1336
1306
1304
1337
1307
1308
1335
1338
1309
1336
1339
1307
1340
1310
1308
1341
1311
1309
1342
1312
1310
1343
1313
1311
1344
1314
1312
1345
1315
1346
1313
1343
1317
1344
1347
1315
1348
1285
1317
1349
1286
1285
1318
1287
1286
1350
1288
1323
1351
1352
1324
1353
1354
1325
1352
1355
1324
1356
1326
1327
1355
1357
1326
1358
1328
1327
1359
1329
1330
1358
1360
1329
1361
1331
1333
1362
1363
1330
1364
1334
1335
1361
1365
1333
1366
1336
1337
1364
1367
1338
1365
1368
1339
1366
1369
1337
1370
1340
1338
1371
1341
1339
1372
1342
1343
1370
1373
1341
1374
1344
1345
1372
1375
1376
1343
1373
1347
1374
1377
1345
1378
1348
1349
1377
1379
1348
1380
1318
1349
1381
1350
1319
1380
1382
1350
1383
1320
1319
1351
1321
1320
1353
1322
1357
1384
1385
1358
1386
1387
1357
1388
1359
1360
1387
1389
1359
1390
1361
1363
1391
1392
1360
1393
1364
1365
1390
1394
1363
1395
1366
1367
1393
1396
1368
1394
1397
1369
1395
1398
1367
1399
1370
1368
1400
1371
1369
1401
1372
1373
1399
1402
1371
1403
1374
1372
1404
1375
1405
1373
1402
1377
1403
1406
1375
1407
1378
1377
1408
1379
1378
1409
1380
1379
1410
1381
1382
1409
1411
1381
1412
1383
1382
1413
1351
1383
1414
1353
1351
1415
1352
1354
1414
1416
1355
1415
1384
1354
1386
1356
1388
1417
1390
1392
1418
1419
1393
1420
1421
1394
1417
1422
1392
1423
1395
1393
1424
1396
1397
1422
1425
1398
1423
1426
1396
1427
1399
1397
1428
1400
1398
1429
1401
1402
1427
1430
1400
1431
1403
1404
1429
1432
1433
1402
1430
1406
1431
1434
1404
1435
1407
1408
1434
1436
1407
1437
1409
1408
1438
1410
1411
1437
1439
1410
1440
1412
1411
1441
1413
1414
1440
1442
1413
1443
1415
1416
1442
1444
1384
1443
1445
1416
1446
1386
1385
1445
1447
1386
1448
1387
1385
1449
1388
1389
1448
1420
1425
1450
1451
1426
1452
1453
1424
1454
1427
1425
1455
1428
1429
1453
1456
1430
1454
1457
1428
1458
1431
1432
1456
1459
1460
1430
1457
1434
1458
1461
1432
1462
1435
1434
1463
1436
1435
1464
1437
1436
1465
1438
1439
1464
1466
1438
1467
1440
1439
1468
1441
1442
1467
1469
1441
1470
1443
1444
1469
1471
1445
1470
1472
1444
1473
1446
1447
1472
1474
1446
1475
1448
1449
1474
1476
1420
1475
1477
1449
1478
1417
1419
1479
1480
1420
1481
1421
1422
1478
1450
1419
1452
1423
1424
1481
1482
1455
1483
1458
1456
1484
1459
1485
1457
1486
1461
1483
1487
1459
1488
1462
1463
1487
1489
1464
1488
1490
1463
1491
1465
1466
1490
1492
1465
1493
1467
1466
1494
1468
1469
1493
1495
1468
1496
1470
1471
1495
1497
1472
1496
1498
1471
1499
1473
1474
1498
1500
1473
1501
1475
1474
1502
1476
1477
1501
1503
1476
1504
1478
1480
1505
1506
1477
1507
1481
1450
1504
1508
1480
1509
1452
1482
1507
1510
1451
1508
1511
1452
1512
1453
1482
1513
1454
1451
1514
1455
1453
1515
1456
1454
1486
1457
1487
1516
1489
1488
1517
1490
1489
1518
1491
1492
1517
1519
1491
1520
1493
1492
1521
1494
1495
1520
1522
1494
1523
1496
1497
1522
1524
1498
1523
1525
1497
1526
1499
1500
1525
1527
1501
1526
1528
1500
1529
1502
1503
1528
1530
1502
1531
1504
1506
1532
1533
1503
1534
1507
1508
1531
1535
1506
1536
1509
1510
1534
1537
1511
1535
1538
1512
1536
1539
1510
1540
1513
1511
1541
1514
1512
1542
1515
1513
1543
1486
1514
1544
1483
1515
1545
1484
1546
1486
1543
1487
1544
1547
1484
1548
1488
1518
1549
1520
1519
1550
1521
1522
1549
1551
1523
1550
1552
1524
1551
1553
1525
1552
1554
1524
1555
1526
1527
1554
1556
1528
1555
1557
1529
1556
1558
1530
1557
1559
1529
1560
1531
1533
1561
1562
1530
1563
1534
1535
1560
1564
1533
1565
1536
1534
1566
1537
1538
1564
1567
1536
1568
1539
1537
1569
1540
1538
1570
1541
1542
1568
1571
1543
1569
1572
1541
1573
1544
1542
1574
1545
1575
1543
1572
1547
1573
1576
1545
1577
1548
1516
1576
1578
1548
1579
1517
1516
1580
1518
1519
1579
1581
1553
1582
1583
1554
1584
1585
1553
1586
1555
1556
1585
1587
1555
1588
1557
1556
1589
1558
1559
1588
1590
1558
1591
1560
1562
1592
1593
1559
1594
1563
1564
1591
1595
1562
1596
1565
1566
1594
1597
1567
1595
1598
1568
1596
1599
1566
1600
1569
1567
1601
1570
1568
1602
1571
1569
1603
1572
1570
1604
1573
1571
1605
1574
1606
1572
1603
1576
1604
1607
1574
1608
1577
1578
1607
1609
1577
1610
1579
1578
1611
1580
1581
1610
1612
1580
1613
1549
1581
1614
1550
1551
1613
1582
1550
1584
1552
1615
1616
1617
1618
1619
1620
1621
1617
1622
1618
1623
1624
1625
1626
1627
1628
1622
1629
1630
1623
1631
1625
1632
1633
1634
1629
1635
1636
1631
1637
1638
1632
1639
1634
1640
1641
1636
1642
1643
1638
1644
1645
1641
1646
1647
1643
1648
1649
1650
1644
1651
1652
1647
1646
1653
1648
1654
1650
1655
1656
1653
1657
1658
1656
1659
1660
1658
1661
1662
1663
1659
1664
1662
1665
1666
1663
1667
1668
1669
1665
1670
1668
1671
1672
1673
1670
1674
1675
1671
1676
1673
1616
1677
1678
1676
1619
1622
1679
1629
1631
1680
1681
1632
1682
1683
1635
1679
1684
1637
1681
1685
1639
1683
1686
1635
1687
1640
1637
1688
1642
1639
1689
1644
1640
1690
1646
1642
1691
1648
1651
1689
1692
1693
1646
1690
1654
1691
1694
1651
1695
1655
1654
1696
1657
1659
1695
1697
1657
1698
1661
1664
1697
1699
1661
1700
1665
1664
1701
1667
1670
1700
1702
1667
1703
1671
1674
1702
1704
1676
1703
1705
1674
1706
1616
1619
1705
1707
1616
1708
1617
1620
1707
1709
1622
1708
1710
1620
1680
1623
1627
1711
1682
1684
1712
1687
1685
1713
1688
1686
1714
1689
1687
1715
1690
1688
1716
1691
1689
1717
1692
1718
1690
1715
1694
1716
1719
1692
1720
1695
1694
1721
1696
1695
1722
1697
1696
1723
1698
1699
1722
1724
1698
1725
1700
1699
1726
1701
1702
1725
1727
1701
1728
1703
1704
1727
1729
1705
1728
1730
1704
1731
1706
1707
1730
1732
1706
1733
1708
1709
1732
1734
1710
1733
1735
1709
1736
1680
1682
1737
1738
1710
1739
1679
1681
1736
1740
1682
1741
1683
1684
1739
1742
1685
1740
1743
1683
1744
1686
1717
1745
1720
1719
1746
1721
1720
1747
1722
1721
1748
1723
1724
1747
1749
1723
1750
1725
1724
1751
1726
1727
1750
1752
1726
1753
1728
1729
1752
1754
1730
1753
1755
1729
1756
1731
1732
1755
1757
1731
1758
1733
1734
1757
1759
1735
1758
1760
1734
1761
1736
1738
1762
1763
1735
1764
1739
1740
1761
1765
1738
1766
1741
1742
1764
1767
1743
1765
1768
1741
1769
1744
1742
1770
1712
1743
1771
1713
1714
1769
1772
1712
1773
1715
1713
1774
1716
1717
1772
1775
1776
1715
1773
1719
1774
1777
1749
1778
1779
1748
1780
1750
1749
1781
1751
1752
1780
1782
1751
1783
1753
1754
1782
1784
1755
1783
1785
1754
1786
1756
1757
1785
1787
1756
1788
1758
1757
1789
1759
1760
1788
1790
1759
1791
1761
1763
1792
1793
1760
1794
1764
1765
1791
1795
1763
1796
1766
1764
1797
1767
1768
1795
1798
1766
1799
1769
1767
1800
1770
1768
1801
1771
1769
1802
1772
1773
1800
1803
1771
1804
1774
1772
1805
1775
1806
1773
1803
1777
1804
1807
1775
1808
1745
1777
1809
1746
1747
1808
1778
1746
1810
1748
1783
1811
1812
1784
1813
1814
1785
1812
1815
1784
1816
1786
1787
1815
1817
1788
1816
1818
1787
1819
1789
1790
1818
1820
1789
1821
1791
1793
1822
1823
1790
1824
1794
1795
1821
1825
1793
1826
1796
1794
1827
1797
1798
1825
1828
1796
1829
1799
1797
1830
1800
1798
1831
1801
1802
1829
1832
1803
1830
1833
1801
1834
1804
1805
1832
1835
1836
1803
1833
1807
1834
1837
1805
1838
1808
1807
1839
1809
1778
1838
1840
1809
1841
1810
1779
1840
1842
1810
1843
1780
1779
1811
1781
1780
1813
1782
1817
1844
1845
1816
1846
1818
1819
1845
1847
1820
1846
1848
1819
1849
1821
1823
1850
1851
1820
1852
1824
1825
1849
1853
1823
1854
1826
1824
1855
1827
1828
1853
1856
1826
1857
1829
1827
1858
1830
1828
1859
1831
1829
1860
1832
1830
1861
1833
1831
1862
1834
1832
1863
1835
1864
1833
1861
1837
1862
1865
1835
1866
1838
1837
1867
1839
1840
1866
1868
1839
1869
1841
1842
1868
1870
1841
1871
1843
1842
1872
1811
1813
1871
1873
1811
1874
1812
1814
1873
1875
1815
1874
1844
1814
1876
1816
1847
1877
1849
1851
1878
1879
1848
1880
1852
1853
1877
1881
1851
1882
1854
1852
1883
1855
1856
1881
1884
1857
1882
1885
1855
1886
1858
1856
1887
1859
1857
1888
1860
1861
1886
1889
1859
1890
1862
1860
1891
1863
1892
1861
1889
1865
1890
1893
1863
1894
1866
1865
1895
1867
1866
1896
1868
1867
1897
1869
1870
1896
1898
1869
1899
1871
1870
1900
1872
1873
1899
1901
1872
1902
1874
1875
1901
1903
1844
1902
1904
1875
1905
1876
1845
1904
1906
1846
1905
1907
1847
1906
1908
1848
1907
1909
1884
1910
1911
1882
1912
1885
1883
1913
1886
1884
1914
1887
1885
1915
1888
1889
1913
1916
1887
1917
1890
1888
1918
1891
1919
1889
1916
1893
1917
1920
1891
1921
1894
1893
1922
1895
1894
1923
1896
1895
1924
1897
1898
1923
1925
1897
1926
1899
1898
1927
1900
1901
1926
1928
1900
1929
1902
1903
1928
1930
1904
1929
1931
1903
1932
1905
1906
1931
1933
1907
1932
1934
1906
1935
1908
1909
1934
1936
1908
1937
1877
1879
1938
1939
1909
1940
1880
1877
1910
1881
1879
1941
1882
1883
1940
1942
1914
1943
1917
1918
1944
1945
1946
1916
1947
1920
1943
1948
1918
1949
1921
1920
1950
1922
1921
1951
1923
1922
1952
1924
1925
1951
1953
1924
1954
1926
1925
1955
1927
1928
1954
1956
1927
1957
1929
1930
1956
1958
1931
1957
1959
1930
1960
1932
1933
1959
1961
1934
1960
1962
1935
1961
1963
1936
1962
1964
1935
1965
1937
1939
1966
1967
1940
1964
1968
1910
1965
1969
1939
1970
1941
1940
1971
1942
1911
1969
1972
1912
1970
1973
1942
1974
1913
1911
1975
1914
1912
1944
1915
1916
1974
1947
1948
1976
1950
1949
1977
1951
1950
1978
1952
1953
1977
1979
1952
1980
1954
1953
1981
1955
1956
1980
1982
1955
1983
1957
1958
1982
1984
1959
1983
1985
1958
1986
1960
1959
1987
1961
1962
1986
1988
1963
1987
1989
1964
1988
1990
1963
1991
1965
1967
1992
1993
1964
1994
1968
1969
1991
1995
1967
1996
1970
1968
1997
1971
1972
1995
1998
1970
1999
1973
1971
2000
1974
1972
2001
1975
1973
2002
1944
1947
2000
2003
1975
2004
1943
1944
2005
1945
2006
1947
2003
1948
2004
2007
1945
2008
1949
1978
2009
1980
1979
2010
1981
1982
2009
2011
1981
2012
1983
1984
2011
2013
1985
2012
2014
1984
2015
1986
1985
2016
1987
1986
2017
1988
1989
2016
2018
1990
2017
2019
1989
2020
1991
1993
2021
2022
1990
2023
1994
1995
2020
2024
1993
2025
1996
1994
2026
1997
1998
2024
2027
1999
2025
2028
1997
2029
2000
1998
2030
2001
2002
2028
2031
2003
2029
2032
2001
2033
2004
2002
2034
2005
2035
2003
2032
2007
2033
2036
2005
2037
2008
2007
2038
1976
2008
2039
1977
1978
2038
2040
1979
2039
2041
2013
2042
2043
2014
2044
2045
2013
2046
2015
2014
2047
2016
2015
2048
2017
2018
2047
2049
2017
2050
2019
2018
2051
2020
2022
2052
2053
2019
2054
2023
2024
2051
2055
2022
2056
2025
2023
2057
2026
2027
2055
2058
2025
2059
2028
2026
2060
2029
2027
2061
2030
2028
2062
2031
2032
2060
2063
2030
2064
2033
2031
2065
2034
2066
2032
2063
2036
2064
2067
2034
2068
2037
2036
2069
2038
2039
2068
2070
2038
2071
2040
2041
2070
2072
2040
2073
2009
2041
2074
2010
2011
2073
2042
2010
2044
2012
2048
2075
2076
2049
2077
2078
2050
2076
2079
2049
2080
2051
2053
2081
2082
2050
2083
2054
2055
2080
2084
2053
2085
2056
2054
2086
2057
2058
2084
2087
2056
2088
2059
2057
2089
2060
2058
2090
2061
2059
2091
2062
2060
2092
2063
2061
2093
2064
2062
2094
2065
2095
2063
2092
2067
2093
2096
2065
2097
2068
2067
2098
2069
2068
2099
2070
2071
2098
2100
2072
2099
2101
2071
2102
2073
2072
2103
2074
2042
2102
2104
2074
2105
2044
2043
2104
2106
2045
2105
2107
2043
2075
2046
2045
2077
2047
2082
2108
2109
2083
2110
2111
2084
2112
2113
2082
2114
2085
2083
2115
2086
2087
2113
2116
2085
2117
2088
2086
2118
2089
2087
2119
2090
2091
2117
2120
2089
2121
2092
2090
2122
2093
2091
2123
2094
2124
2092
2121
2096
2122
2125
2094
2126
2097
2096
2127
2098
2099
2126
2128
2098
2129
2100
2101
2128
2130
2100
2131
2102
2101
2132
2103
2104
2131
2133
2103
2134
2105
2106
2133
2135
2107
2134
2136
2106
2137
2075
2107
2138
2077
2075
2139
2076
2078
2138
2140
2079
2139
2110
2078
2112
2080
2117
20
26
2118
22
28
2116
30
2119
2117
31
2120
2118
34
2121
2119
36
2122
2123
31
37
2141
2121
34
2125
36
41
2126
37
43
2125
45
2127
2126
47
2128
2127
49
2129
2130
47
50
2129
53
2131
2130
54
2132
2133
53
57
2132
58
2134
2135
57
61
2136
58
0
2135
63
2137
2138
0
2
2137
3
2139
2140
2
6
2110
3
8
2140
10
2112
2109
2142
12
2110
16
2111
2113
10
18
2114
12
20
2115
16
22
2116
18
24
0
62
1
3
63
4
6
2
1
8
3
5
10
6
7
8
9
15
10
11
17
12
14
19
16
15
21
18
17
23
20
19
25
22
21
27
24
23
29
31
26
25
28
27
33
30
29
35
37
31
32
36
35
40
37
38
42
41
40
44
43
42
46
45
44
48
50
47
46
49
48
52
54
50
51
53
52
56
58
54
55
57
56
60
0
58
59
61
60
4
40
95
64
42
96
65
48
44
64
46
65
67
48
66
68
55
51
67
52
68
70
59
55
69
56
70
72
59
71
73
4
60
72
62
73
75
5
4
74
7
1
75
9
5
76
7
77
79
15
9
78
11
79
83
19
14
81
21
15
82
23
17
83
25
19
84
27
21
85
23
86
89
25
87
90
27
88
91
35
29
89
32
90
93
40
35
92
38
93
96
68
66
97
67
129
99
68
98
100
71
69
99
72
70
100
71
101
103
74
72
102
73
103
105
74
104
106
77
75
105
76
106
108
77
107
109
78
108
112
83
79
109
81
111
114
85
82
112
86
83
113
84
114
117
85
115
118
89
86
116
90
87
117
91
88
118
89
119
122
90
120
123
92
122
125
96
93
123
95
125
127
65
96
126
66
64
127
65
128
129
102
100
130
101
162
132
102
131
133
103
132
134
104
133
135
107
105
134
106
135
137
109
107
136
108
137
141
109
138
142
111
140
143
115
112
141
116
113
142
114
143
146
115
144
147
116
145
148
117
146
149
121
118
147
122
119
148
120
149
152
122
151
154
123
152
155
125
154
156
128
126
155
97
127
156
128
157
159
98
97
158
129
159
161
98
160
130
101
99
161
133
194
163
134
195
164
135
163
165
138
136
164
141
137
165
138
166
170
140
168
171
141
169
172
145
142
170
146
143
171
144
172
175
145
173
176
149
146
174
150
147
175
151
148
176
149
177
180
151
179
182
152
180
183
154
182
184
157
155
183
156
184
186
157
185
187
158
186
188
159
187
189
160
188
190
162
161
189
131
130
190
132
162
191
133
131
192
132
193
195
169
165
196
166
226
198
168
228
199
169
197
200
173
170
198
174
171
199
172
200
203
173
201
204
174
202
205
178
175
203
179
176
204
177
205
208
179
207
210
180
208
211
184
182
210
185
183
211
184
212
214
187
185
213
186
214
216
187
215
217
188
216
218
191
189
217
192
190
218
193
191
219
192
220
222
195
193
221
194
222
224
195
223
225
163
224
196
164
225
226
200
260
229
201
261
230
205
202
231
203
229
233
207
204
230
205
232
235
207
234
237
208
235
238
212
210
237
213
211
238
212
239
241
215
213
240
214
241
243
215
242
244
216
243
245
219
217
244
220
218
245
221
219
246
220
247
249
221
248
250
222
249
251
223
250
252
196
224
251
226
225
252
196
253
257
226
254
258
199
228
256
197
257
260
201
198
258
199
259
231
234
293
264
235
294
265
239
237
264
238
265
267
239
266
268
242
240
267
241
268
270
242
269
271
245
243
270
244
271
273
247
245
272
248
246
273
247
274
276
250
248
275
249
276
278
250
277
279
253
251
278
254
252
279
253
280
284
254
281
285
256
283
286
257
284
287
261
258
285
259
286
289
260
287
290
261
288
291
232
231
289
229
290
263
234
230
291
235
232
292
266
327
295
269
267
296
268
295
298
269
297
299
270
298
300
271
299
301
274
272
300
275
273
301
274
302
304
277
275
303
276
304
306
277
305
307
280
278
306
281
279
307
280
308
312
281
309
313
283
311
314
284
312
315
288
285
313
286
314
317
287
315
318
288
316
319
289
317
320
290
318
321
291
319
322
294
292
320
293
322
325
294
323
326
266
264
325
267
265
326
300
298
328
299
360
330
302
300
329
303
301
330
302
331
333
303
332
334
306
304
333
305
334
336
308
306
335
309
307
336
308
337
341
309
338
342
314
311
340
312
341
344
316
313
342
317
314
343
315
344
347
316
345
348
317
346
349
318
347
350
319
348
351
323
320
349
322
351
354
323
352
355
327
325
354
326
355
357
327
356
358
297
296
357
295
358
328
297
359
360
331
393
361
334
332
362
333
361
364
334
363
365
337
335
364
338
336
365
337
366
370
342
338
367
340
369
372
344
341
370
342
371
374
343
372
375
347
344
373
345
374
377
346
375
378
350
347
376
348
377
380
352
349
378
351
380
383
352
381
384
356
354
383
357
355
384
356
385
387
359
357
386
358
387
389
359
388
390
328
389
391
360
390
392
331
329
391
332
330
392
366
364
394
367
365
396
366
395
400
371
367
397
369
399
402
370
400
403
371
401
404
372
402
405
373
403
406
377
374
404
378
375
405
379
376
406
377
407
410
378
408
411
380
410
413
381
411
414
385
383
413
384
414
416
385
415
417
388
386
416
387
417
419
388
418
420
391
389
419
390
420
422
393
391
421
362
392
422
393
423
425
363
362
424
361
425
394
363
426
396
399
457
427
400
458
428
401
459
429
405
402
427
403
428
431
407
404
429
408
405
430
406
431
434
407
432
435
411
408
433
410
435
438
411
436
439
415
413
438
414
439
441
415
440
442
418
416
441
417
442
444
418
443
445
419
444
446
420
445
447
423
421
446
424
422
447
423
448
450
424
449
451
425
450
452
426
451
453
395
394
452
397
396
453
395
454
458
401
397
455
430
490
460
431
491
461
432
492
462
433
460
463
435
462
465
436
463
466
440
438
465
439
466
468
440
467
469
443
441
468
442
469
471
443
470
472
446
444
471
445
472
474
448
446
473
449
447
474
448
475
477
451
449
476
450
477
479
451
478
480
454
452
479
455
453
480
458
454
481
459
455
482
457
484
487
458
485
488
459
486
489
427
487
490
428
488
491
432
429
489
463
524
493
467
465
494
468
466
493
467
495
497
470
468
496
469
497
499
470
498
500
471
499
501
472
500
502
475
473
501
476
474
502
475
503
505
476
504
506
477
505
507
478
506
508
481
479
507
482
480
508
485
481
509
486
482
510
484
512
515
485
513
516
486
514
517
487
515
518
488
516
519
492
489
517
460
490
518
461
491
519
492
520
523
460
521
524
462
523
494
498
496
526
497
558
528
498
527
529
501
499
528
500
529
531
503
501
530
504
502
531
503
532
534
504
533
535
505
534
536
506
535
537
509
507
536
510
508
537
509
538
542
514
510
539
512
541
544
516
513
542
514
543
546
518
515
544
519
516
545
520
517
546
518
547
550
519
548
551
520
549
552
521
550
553
523
552
555
524
553
556
495
494
555
493
556
526
495
557
558
529
591
559
532
530
560
533
531
559
532
561
563
535
533
562
536
534
563
535
564
566
538
536
565
539
537
566
538
567
571
543
539
568
541
570
573
542
571
574
543
572
575
547
544
573
545
574
577
549
546
575
547
576
579
548
577
580
549
578
581
550
579
582
552
581
584
553
582
585
557
555
584
556
585
587
557
586
588
527
526
587
558
588
590
527
589
591
530
528
590
562
624
592
565
563
593
564
592
595
567
565
594
568
566
595
567
596
600
572
568
597
570
599
602
571
600
603
572
601
604
576
573
602
574
603
606
578
575
604
576
605
608
577
606
609
578
607
610
579
608
611
581
610
613
582
611
614
586
584
613
585
614
616
586
615
617
589
587
616
588
617
619
589
618
620
560
590
619
591
620
622
561
560
621
562
559
622
561
623
593
597
595
625
600
596
629
601
597
626
599
628
632
600
630
633
601
631
634
602
632
635
603
633
636
607
604
634
605
635
638
606
636
639
607
637
640
608
638
641
610
640
643
611
641
644
615
613
643
616
614
644
615
645
647
618
616
646
617
647
649
618
648
650
619
649
651
622
620
650
623
621
651
624
622
652
623
653
655
624
654
656
593
655
657
592
656
625
594
657
629
631
688
658
632
689
659
633
690
660
637
634
658
635
659
662
636
660
663
637
661
664
641
638
662
640
664
667
641
665
668
645
643
667
646
644
668
647
645
669
648
646
670
647
671
673
648
672
674
651
649
673
650
674
676
653
651
675
654
652
676
653
677
679
654
678
680
655
679
681
656
680
682
629
657
681
626
625
682
629
683
687
631
626
684
628
686
689
633
630
687
661
722
691
662
723
692
664
691
695
665
692
696
669
667
695
670
668
696
671
669
697
672
670
698
671
699
701
672
700
702
673
701
703
676
674
702
677
675
703
678
676
704
677
705
707
678
706
708
679
707
709
680
708
710
683
681
709
682
710
712
683
711
715
688
684
712
686
714
717
690
687
715
688
716
719
659
689
717
690
718
721
661
658
719
659
720
723
663
660
721
697
695
724
698
696
726
699
697
725
700
698
727
699
728
730
700
729
731
701
730
732
704
702
731
705
703
732
706
704
733
705
734
736
706
735
737
707
736
738
708
737
739
711
709
738
710
739
741
715
711
740
716
712
741
714
743
746
718
715
744
716
745
748
720
717
746
718
747
750
722
719
748
720
749
752
694
721
750
722
751
754
723
752
755
691
754
724
692
755
726
728
788
757
729
789
758
730
757
759
733
731
758
734
732
759
735
733
760
734
761
763
737
735
762
736
763
765
737
764
766
740
738
765
741
739
766
740
767
771
745
741
768
743
770
773
744
771
774
745
772
775
746
773
776
747
774
777
748
775
778
749
776
779
753
750
777
751
778
781
755
752
779
754
781
784
755
782
785
725
724
784
727
726
785
725
786
788
729
727
787
761
759
790
762
760
792
761
791
794
764
762
793
763
794
796
764
795
797
767
765
796
766
797
799
771
767
798
772
768
799
770
801
804
774
771
802
775
772
803
776
773
804
774
805
808
775
806
809
776
807
810
777
808
811
778
809
812
779
810
813
781
812
815
782
813
816
786
784
815
787
785
816
786
817
819
789
787
818
788
819
821
789
820
822
757
821
790
760
758
822
794
854
823
795
855
824
798
796
823
797
824
826
798
825
829
803
799
826
801
828
831
805
802
829
806
803
830
807
804
831
805
832
835
806
833
836
807
834
837
811
808
835
809
836
839
813
810
837
812
839
842
813
840
843
817
815
842
818
816
843
817
844
846
820
818
845
819
846
848
820
847
849
821
848
850
792
822
849
791
790
850
793
792
851
791
852
854
795
793
853
825
888
858
830
826
859
828
857
861
832
829
858
833
830
860
834
831
861
832
862
865
833
863
866
834
864
867
838
835
865
836
866
869
837
867
870
842
839
869
840
870
873
844
842
872
845
843
873
844
874
876
847
845
875
846
876
878
847
877
879
848
878
880
851
849
879
852
850
880
853
851
881
852
882
884
855
853
883
854
884
886
855
885
887
825
823
886
826
824
887
877
920
889
878
921
890
879
889
891
882
880
890
883
881
891
882
892
894
885
883
893
884
894
896
885
895
897
888
886
896
887
897
899
888
898
902
860
859
899
857
901
904
862
858
902
863
860
903
864
861
904
862
905
908
863
906
909
867
864
907
868
865
908
866
909
912
870
867
910
872
869
912
870
913
916
874
872
915
875
873
916
874
917
919
877
875
918
876
919
921
893
891
922
892
954
924
895
893
923
894
924
926
895
925
927
898
896
926
897
927
929
898
928
932
903
899
929
901
931
934
902
932
935
906
903
933
907
904
934
905
935
938
906
936
939
907
937
940
911
908
938
909
939
942
913
910
940
915
912
942
913
943
946
917
915
945
918
916
946
917
947
949
920
918
948
919
949
951
920
950
952
921
951
953
889
952
922
892
890
953
925
987
955
928
926
956
927
955
958
932
928
957
933
929
958
931
960
963
935
932
961
936
933
962
937
934
963
935
964
967
936
965
968
937
966
969
938
967
970
939
968
971
940
969
972
945
942
971
943
972
975
947
945
974
946
975
977
947
976
978
950
948
977
949
978
980
950
979
981
953
951
980
952
981
983
954
953
982
923
922
983
954
984
986
925
923
985
924
986
956
962
958
988
960
1019
990
961
1020
991
965
962
989
966
963
990
964
991
994
965
992
995
966
993
996
970
967
994
968
995
998
969
996
999
974
971
998
972
999
1002
976
974
1001
975
1002
1004
976
1003
1005
979
977
1004
978
1005
1007
979
1006
1008
982
980
1007
981
1008
1010
984
982
1009
985
983
1010
984
1011
1013
985
1012
1014
986
1013
1015
987
1014
1016
957
956
1015
955
1016
988
957
1017
1020
992
1053
1021
996
993
1022
997
994
1024
995
1021
1026
996
1023
1027
1001
998
1026
999
1027
1030
1003
1001
1029
1004
1002
1030
1005
1003
1031
1006
1004
1032
1005
1033
1035
1006
1034
1036
1009
1007
1035
1008
1036
1038
1011
1009
1037
1012
1010
1038
1011
1039
1041
1012
1040
1042
1013
1041
1043
1014
1042
1044
1017
1015
1043
1016
1044
1046
1020
1017
1045
989
988
1046
1019
1048
1051
1020
1049
1052
992
989
1050
990
1051
1022
991
1052
1024
1029
1026
1054
1027
1085
1056
1031
1029
1055
1030
1056
1058
1031
1057
1059
1034
1032
1058
1033
1059
1061
1034
1060
1062
1037
1035
1061
1036
1062
1064
1039
1037
1063
1040
1038
1064
1039
1065
1067
1040
1066
1068
1041
1067
1069
1042
1068
1070
1045
1043
1069
1044
1070
1072
1045
1071
1075
1050
1046
1072
1048
1074
1077
1052
1049
1075
1053
1050
1076
1022
1051
1077
1052
1078
1081
1053
1079
1082
1022
1080
1083
1024
1081
1084
1021
1082
1054
1027
1023
1083
1057
1119
1087
1060
1058
1088
1059
1087
1090
1060
1089
1091
1063
1061
1090
1062
1091
1093
1065
1063
1092
1066
1064
1093
1065
1094
1096
1068
1066
1095
1067
1096
1098
1070
1068
1097
1071
1069
1098
1070
1099
1101
1071
1100
1104
1076
1072
1101
1074
1103
1106
1078
1075
1104
1079
1076
1105
1080
1077
1106
1078
1107
1110
1079
1108
1111
1080
1109
1112
1084
1081
1110
1082
1111
1114
1083
1112
1115
1055
1054
1114
1085
1115
1118
1055
1117
1119
1056
1118
1088
1090
1152
1120
1093
1091
1121
1094
1092
1120
1095
1093
1122
1094
1123
1125
1097
1095
1124
1096
1125
1127
1097
1126
1128
1100
1098
1127
1099
1128
1130
1104
1100
1129
1105
1101
1130
1103
1132
1135
1104
1133
1136
1108
1105
1134
1109
1106
1135
1107
1136
1139
1108
1137
1140
1109
1138
1141
1110
1139
1142
1111
1140
1143
1112
1141
1144
1117
1114
1143
1115
1144
1147
1119
1117
1146
1088
1118
1147
1119
1148
1150
1089
1088
1149
1087
1150
1152
1089
1151
1121
1123
1184
1153
1124
1185
1154
1125
1153
1155
1128
1126
1154
1129
1127
1155
1128
1156
1158
1133
1129
1157
1134
1130
1158
1132
1160
1163
1136
1133
1161
1137
1134
1162
1135
1163
1166
1136
1164
1167
1137
1165
1168
1138
1166
1169
1142
1139
1167
1140
1168
1171
1141
1169
1172
1146
1143
1171
1144
1172
1175
1146
1174
1176
1147
1175
1177
1148
1176
1178
1151
1149
1177
1150
1178
1180
1151
1179
1181
1120
1152
1180
1121
1181
1183
1123
1120
1182
1124
1122
1183
1157
1155
1186
1156
1218
1188
1157
1187
1191
1162
1158
1188
1160
1190
1193
1161
1191
1194
1165
1162
1192
1163
1193
1196
1164
1194
1197
1165
1195
1198
1166
1196
1199
1170
1167
1197
1168
1198
1201
1172
1169
1199
1174
1171
1201
1172
1202
1205
1174
1204
1206
1175
1205
1207
1178
1176
1206
1179
1177
1207
1178
1208
1210
1179
1209
1211
1182
1180
1210
1181
1211
1213
1184
1182
1212
1185
1183
1213
1184
1214
1216
1185
1215
1217
1155
1153
1216
1156
1154
1217
1190
1251
1219
1194
1191
1220
1195
1192
1222
1193
1219
1224
1194
1221
1225
1195
1223
1226
1196
1224
1227
1200
1197
1225
1198
1226
1229
1202
1199
1227
1204
1201
1229
1202
1230
1233
1204
1232
1234
1207
1205
1233
1206
1234
1236
1209
1207
1235
1208
1236
1238
1209
1237
1239
1212
1210
1238
1211
1239
1241
1214
1212
1240
1215
1213
1241
1214
1242
1244
1215
1243
1245
1216
1244
1246
1218
1217
1245
1187
1186
1246
1218
1247
1249
1187
1248
1220
1192
1188
1249
1227
1224
1252
1228
1225
1254
1226
1284
1256
1230
1227
1253
1232
1229
1256
1230
1257
1260
1232
1259
1261
1235
1233
1260
1236
1234
1261
1237
1235
1262
1236
1263
1265
1237
1264
1266
1238
1265
1267
1241
1239
1266
1242
1240
1267
1243
1241
1268
1242
1269
1271
1243
1270
1272
1244
1271
1273
1247
1245
1272
1248
1246
1273
1247
1274
1276
1248
1275
1279
1222
1249
1276
1251
1278
1281
1221
1220
1279
1223
1222
1280
1219
1281
1252
1221
1282
1254
1223
1283
1284
1257
1315
1285
1259
1317
1286
1260
1285
1287
1261
1286
1288
1264
1262
1287
1263
1288
1290
1264
1289
1291
1267
1265
1290
1268
1266
1291
1269
1267
1292
1270
1268
1293
1269
1294
1296
1272
1270
1295
1273
1271
1296
1274
1272
1297
1275
1273
1298
1274
1299
1301
1275
1300
1304
1280
1276
1301
1278
1303
1306
1282
1279
1304
1283
1280
1305
1252
1281
1306
1254
1282
1307
1283
1308
1311
1252
1309
1312
1254
1310
1313
1284
1311
1314
1253
1312
1315
1259
1256
1314
1289
1287
1318
1288
1350
1320
1289
1319
1321
1292
1290
1320
1291
1321
1323
1294
1292
1322
1295
1293
1323
1294
1324
1326
1297
1295
1325
1296
1326
1328
1299
1297
1327
1300
1298
1328
1299
1329
1331
1300
1330
1334
1305
1301
1331
1303
1333
1336
1304
1334
1337
1308
1305
1335
1309
1306
1336
1307
1337
1340
1308
1338
1341
1309
1339
1342
1310
1340
1343
1311
1341
1344
1312
1342
1345
1317
1314
1344
1315
1345
1348
1317
1347
1349
1285
1348
1318
1286
1349
1350
1323
1321
1351
1324
1322
1353
1325
1323
1352
1324
1354
1356
1327
1325
1355
1326
1356
1358
1327
1357
1359
1330
1328
1358
1329
1359
1361
1330
1360
1364
1335
1331
1361
1333
1363
1366
1337
1334
1364
1338
1335
1365
1339
1336
1366
1337
1367
1370
1338
1368
1371
1339
1369
1372
1343
1340
1370
1341
1371
1374
1345
1342
1372
1347
1344
1374
1345
1375
1378
1349
1347
1377
1348
1378
1380
1349
1379
1381
1319
1318
1380
1350
1381
1383
1319
1382
1351
1320
1383
1353
1357
1355
1384
1358
1356
1386
1357
1385
1388
1360
1358
1387
1359
1388
1390
1360
1389
1393
1365
1361
1390
1363
1392
1395
1367
1364
1393
1368
1365
1394
1369
1366
1395
1367
1396
1399
1368
1397
1400
1369
1398
1401
1373
1370
1399
1371
1400
1403
1372
1401
1404
1377
1374
1403
1375
1404
1407
1377
1406
1408
1378
1407
1409
1379
1408
1410
1382
1380
1409
1381
1410
1412
1382
1411
1413
1383
1412
1414
1351
1413
1415
1354
1353
1414
1355
1352
1415
1354
1416
1386
1388
1449
1417
1393
1389
1420
1394
1390
1417
1392
1419
1423
1393
1421
1424
1397
1394
1422
1398
1395
1423
1396
1424
1427
1397
1425
1428
1398
1426
1429
1402
1399
1427
1400
1428
1431
1404
1401
1429
1406
1403
1431
1404
1432
1435
1408
1406
1434
1407
1435
1437
1408
1436
1438
1411
1409
1437
1410
1438
1440
1411
1439
1441
1414
1412
1440
1413
1441
1443
1416
1414
1442
1384
1415
1443
1416
1444
1446
1385
1384
1445
1386
1446
1448
1385
1447
1449
1389
1387
1448
1425
1422
1450
1426
1423
1452
1424
1482
1454
1425
1451
1455
1429
1426
1453
1430
1427
1454
1428
1455
1458
1432
1429
1456
1434
1431
1458
1432
1459
1462
1434
1461
1463
1435
1462
1464
1436
1463
1465
1439
1437
1464
1438
1465
1467
1439
1466
1468
1442
1440
1467
1441
1468
1470
1444
1442
1469
1445
1443
1470
1444
1471
1473
1447
1445
1472
1446
1473
1475
1449
1447
1474
1420
1448
1475
1449
1476
1478
1420
1477
1481
1422
1417
1478
1419
1480
1452
1424
1421
1481
1455
1514
1483
1456
1515
1484
1461
1458
1483
1459
1484
1488
1463
1461
1487
1464
1462
1488
1463
1489
1491
1466
1464
1490
1465
1491
1493
1466
1492
1494
1469
1467
1493
1468
1494
1496
1471
1469
1495
1472
1470
1496
1471
1497
1499
1474
1472
1498
1473
1499
1501
1474
1500
1502
1477
1475
1501
1476
1502
1504
1477
1503
1507
1450
1478
1504
1480
1506
1509
1482
1481
1507
1451
1450
1508
1452
1509
1512
1482
1510
1513
1451
1511
1514
1453
1512
1515
1454
1513
1486
1487
1547
1516
1488
1548
1517
1489
1516
1518
1492
1490
1517
1491
1518
1520
1492
1519
1521
1495
1493
1520
1494
1521
1523
1497
1495
1522
1498
1496
1523
1497
1524
1526
1500
1498
1525
1501
1499
1526
1500
1527
1529
1503
1501
1528
1502
1529
1531
1503
1530
1534
1508
1504
1531
1506
1533
1536
1510
1507
1534
1511
1508
1535
1512
1509
1536
1510
1537
1540
1511
1538
1541
1512
1539
1542
1513
1540
1543
1514
1541
1544
1515
1542
1545
1487
1483
1544
1484
1545
1548
1518
1580
1549
1519
1581
1550
1522
1520
1549
1523
1521
1550
1524
1522
1551
1525
1523
1552
1524
1553
1555
1527
1525
1554
1528
1526
1555
1529
1527
1556
1530
1528
1557
1529
1558
1560
1530
1559
1563
1535
1531
1560
1533
1562
1565
1534
1563
1566
1538
1535
1564
1536
1565
1568
1537
1566
1569
1538
1567
1570
1542
1539
1568
1543
1540
1569
1541
1570
1573
1542
1571
1574
1547
1544
1573
1545
1574
1577
1516
1547
1576
1548
1577
1579
1516
1578
1580
1519
1517
1579
1553
1551
1582
1554
1552
1584
1553
1583
1586
1556
1554
1585
1555
1586
1588
1556
1587
1589
1559
1557
1588
1558
1589
1591
1559
1590
1594
1564
1560
1591
1562
1593
1596
1566
1563
1594
1567
1564
1595
1568
1565
1596
1566
1597
1600
1567
1598
1601
1568
1599
1602
1569
1600
1603
1570
1601
1604
1571
1602
1605
1576
1573
1604
1574
1605
1608
1578
1576
1607
1577
1608
1610
1578
1609
1611
1581
1579
1610
1580
1611
1613
1581
1612
1614
1551
1549
1613
1550
1614
1584
1615
1677
1616
1618
1678
1619
1621
1615
1617
1618
1620
1623
1628
1621
1622
1630
1624
1623
1625
1627
1632
1634
1628
1629
1636
1630
1631
1638
1633
1632
1634
1635
1640
1636
1637
1642
1638
1639
1644
1641
1640
1646
1643
1642
1648
1650
1645
1644
1653
1649
1648
1650
1651
1655
1653
1654
1657
1656
1655
1659
1658
1657
1661
1663
1660
1659
1662
1661
1665
1663
1664
1667
1669
1666
1665
1668
1667
1671
1673
1669
1670
1675
1672
1671
1673
1674
1616
1678
1675
1676
1622
1710
1679
1631
1623
1680
1632
1627
1682
1635
1629
1679
1637
1631
1681
1639
1632
1683
1635
1684
1687
1637
1685
1688
1639
1686
1689
1640
1687
1690
1642
1688
1691
1651
1644
1689
1654
1648
1691
1651
1692
1695
1654
1694
1696
1659
1655
1695
1657
1696
1698
1664
1659
1697
1661
1698
1700
1664
1699
1701
1670
1665
1700
1667
1701
1703
1674
1670
1702
1676
1671
1703
1674
1704
1706
1619
1676
1705
1616
1706
1708
1620
1619
1707
1622
1617
1708
1620
1709
1680
1684
1742
1712
1685
1743
1713
1686
1744
1714
1687
1712
1715
1688
1713
1716
1689
1714
1717
1694
1691
1716
1692
1717
1720
1694
1719
1721
1695
1720
1722
1696
1721
1723
1699
1697
1722
1698
1723
1725
1699
1724
1726
1702
1700
1725
1701
1726
1728
1704
1702
1727
1705
1703
1728
1704
1729
1731
1707
1705
1730
1706
1731
1733
1709
1707
1732
1710
1708
1733
1709
1734
1736
1710
1735
1739
1681
1680
1736
1682
1738
1741
1684
1679
1739
1685
1681
1740
1683
1741
1744
1717
1775
1745
1719
1777
1746
1720
1745
1747
1721
1746
1748
1724
1722
1747
1723
1748
1750
1724
1749
1751
1727
1725
1750
1726
1751
1753
1729
1727
1752
1730
1728
1753
1729
1754
1756
1732
1730
1755
1731
1756
1758
1734
1732
1757
1735
1733
1758
1734
1759
1761
1735
1760
1764
1740
1736
1761
1738
1763
1766
1742
1739
1764
1743
1740
1765
1741
1766
1769
1742
1767
1770
1743
1768
1771
1714
1744
1769
1712
1770
1773
1713
1771
1774
1717
1714
1772
1719
1716
1774
1749
1747
1778
1748
1810
1780
1749
1779
1781
1752
1750
1780
1751
1781
1783
1754
1752
1782
1755
1753
1783
1754
1784
1786
1757
1755
1785
1756
1786
1788
1757
1787
1789
1760
1758
1788
1759
1789
1791
1760
1790
1794
1765
1761
1791
1763
1793
1796
1764
1794
1797
1768
1765
1795
1766
1796
1799
1767
1797
1800
1768
1798
1801
1769
1799
1802
1773
1770
1800
1771
1801
1804
1772
1802
1805
1777
1774
1804
1775
1805
1808
1777
1807
1809
1747
1745
1808
1746
1809
1810
1783
1781
1811
1784
1782
1813
1785
1783
1812
1784
1814
1816
1787
1785
1815
1788
1786
1816
1787
1817
1819
1790
1788
1818
1789
1819
1821
1790
1820
1824
1795
1791
1821
1793
1823
1826
1794
1824
1827
1798
1795
1825
1796
1826
1829
1797
1827
1830
1798
1828
1831
1802
1799
1829
1803
1800
1830
1801
1831
1834
1805
1802
1832
1807
1804
1834
1805
1835
1838
1807
1837
1839
1778
1808
1838
1809
1839
1841
1779
1778
1840
1810
1841
1843
1779
1842
1811
1780
1843
1813
1817
1815
1844
1816
1876
1846
1819
1817
1845
1820
1818
1846
1819
1847
1849
1820
1848
1852
1825
1821
1849
1823
1851
1854
1824
1852
1855
1828
1825
1853
1826
1854
1857
1827
1855
1858
1828
1856
1859
1829
1857
1860
1830
1858
1861
1831
1859
1862
1832
1860
1863
1837
1834
1862
1835
1863
1866
1837
1865
1867
1840
1838
1866
1839
1867
1869
1842
1840
1868
1841
1869
1871
1842
1870
1872
1813
1843
1871
1811
1872
1874
1814
1813
1873
1815
1812
1874
1814
1875
1876
1847
1908
1877
1848
1909
1880
1853
1849
1877
1851
1879
1882
1852
1880
1883
1856
1853
1881
1857
1854
1882
1855
1883
1886
1856
1884
1887
1857
1885
1888
1861
1858
1886
1859
1887
1890
1860
1888
1891
1865
1862
1890
1863
1891
1894
1865
1893
1895
1866
1894
1896
1867
1895
1897
1870
1868
1896
1869
1897
1899
1870
1898
1900
1873
1871
1899
1872
1900
1902
1875
1873
1901
1844
1874
1902
1875
1903
1905
1845
1844
1904
1846
1876
1905
1847
1845
1906
1848
1846
1907
1884
1881
1910
1882
1941
1912
1883
1942
1913
1884
1911
1914
1885
1912
1915
1889
1886
1913
1887
1914
1917
1888
1915
1918
1893
1890
1917
1891
1918
1921
1893
1920
1922
1894
1921
1923
1895
1922
1924
1898
1896
1923
1897
1924
1926
1898
1925
1927
1901
1899
1926
1900
1927
1929
1903
1901
1928
1904
1902
1929
1903
1930
1932
1906
1904
1931
1907
1905
1932
1906
1933
1935
1909
1907
1934
1908
1935
1937
1909
1936
1940
1877
1937
1910
1879
1939
1941
1883
1880
1940
1914
1975
1943
1918
1915
1944
1920
1917
1943
1918
1945
1949
1920
1948
1950
1921
1949
1951
1922
1950
1952
1925
1923
1951
1924
1952
1954
1925
1953
1955
1928
1926
1954
1927
1955
1957
1930
1928
1956
1931
1929
1957
1930
1958
1960
1933
1931
1959
1934
1932
1960
1935
1933
1961
1936
1934
1962
1935
1963
1965
1940
1936
1964
1910
1937
1965
1939
1967
1970
1940
1968
1971
1911
1910
1969
1912
1941
1970
1942
1971
1974
1911
1972
1975
1912
1973
1944
1916
1913
1974
1948
2007
1976
1949
2008
1977
1950
1976
1978
1953
1951
1977
1952
1978
1980
1953
1979
1981
1956
1954
1980
1955
1981
1983
1958
1956
1982
1959
1957
1983
1958
1984
1986
1959
1985
1987
1962
1960
1986
1963
1961
1987
1964
1962
1988
1963
1989
1991
1964
1990
1994
1969
1965
1991
1967
1993
1996
1968
1994
1997
1972
1969
1995
1970
1996
1999
1971
1997
2000
1972
1998
2001
1973
1999
2002
1947
1974
2000
1975
2001
2004
1944
2002
2005
1948
1943
2004
1945
2005
2008
1978
2040
2009
1979
2041
2010
1982
1980
2009
1981
2010
2012
1984
1982
2011
1985
1983
2012
1984
2013
2015
1985
2014
2016
1986
2015
2017
1989
1987
2016
1990
1988
2017
1989
2018
2020
1990
2019
2023
1995
1991
2020
1993
2022
2025
1994
2023
2026
1998
1995
2024
1999
1996
2025
1997
2026
2029
1998
2027
2030
2002
1999
2028
2003
2000
2029
2001
2030
2033
2002
2031
2034
2007
2004
2033
2005
2034
2037
2007
2036
2038
2008
2037
2039
1978
1976
2038
1979
1977
2039
2013
2011
2042
2014
2012
2044
2013
2043
2046
2014
2045
2047
2015
2046
2048
2018
2016
2047
2017
2048
2050
2018
2049
2051
2019
2050
2054
2024
2020
2051
2022
2053
2056
2023
2054
2057
2027
2024
2055
2025
2056
2059
2026
2057
2060
2027
2058
2061
2028
2059
2062
2032
2029
2060
2030
2061
2064
2031
2062
2065
2036
2033
2064
2034
2065
2068
2036
2067
2069
2039
2037
2068
2038
2069
2071
2041
2039
2070
2040
2071
2073
2041
2072
2074
2011
2009
2073
2010
2074
2044
2048
2046
2075
2049
2047
2077
2050
2048
2076
2049
2078
2080
2050
2079
2083
2055
2051
2080
2053
2082
2085
2054
2083
2086
2058
2055
2084
2056
2085
2088
2057
2086
2089
2058
2087
2090
2059
2088
2091
2060
2089
2092
2061
2090
2093
2062
2091
2094
2067
2064
2093
2065
2094
2097
2067
2096
2098
2068
2097
2099
2071
2069
2098
2072
2070
2099
2071
2100
2102
2072
2101
2103
2042
2073
2102
2074
2103
2105
2043
2042
2104
2045
2044
2105
2043
2106
2075
2045
2107
2077
2083
2079
2110
2084
2080
2112
2082
2109
2114
2083
2111
2115
2087
2084
2113
2085
2114
2117
2086
2115
2118
2087
2116
2119
2091
2088
2117
2089
2118
2121
2090
2119
2122
2091
2120
2123
2096
2093
2122
2094
2123
2126
2096
2125
2127
2099
2097
2126
2098
2127
2129
2101
2099
2128
2100
2129
2131
2101
2130
2132
2104
2102
2131
2103
2132
2134
2106
2104
2133
2107
2105
2134
2106
2135
2137
2107
2136
2138
2075
2137
2139
2078
2077
2138
2079
2076
2139
2078
2140
2112
2117
2114
20
2118
2115
22
2116
24
30
2117
26
31
2118
28
34
2119
30
36
2123
2120
31
2125
2122
36
2126
2123
37
2125
41
45
2126
43
47
2127
45
49
2130
2128
47
2129
49
53
2130
50
54
2133
2131
53
2132
54
58
2135
2133
57
2136
2134
58
2135
61
63
2138
2136
0
2137
63
3
2140
2138
2
2110
2139
3
2140
6
10
2110
8
16
2113
2112
10
2114
2109
12
2115
2111
16
2116
2113
18
